1 0.3798076923076923 0.6262019230769231 0.026442307692307692 0.06009615384615385
1 0.35096153846153844 0.71875 0.078125 0.17668269230769232
1 0.5637019230769231 0.7620192307692307 0.057692307692307696 0.08173076923076923
1 0.016826923076923076 0.47836538461538464 0.020432692307692308 0.046875
1 0.11538461538461539 0.49278846153846156 0.030048076923076924 0.054086538461538464
1 0.2860576923076923 0.53125 0.019230769230769232 0.04927884615384615
1 0.3245192307692308 0.5336538461538461 0.027644230769230768 0.057692307692307696
1 0.5805288461538461 0.5516826923076923 0.054086538461538464 0.08052884615384616
1 0.7524038461538461 0.6069711538461539 0.027644230769230768 0.052884615384615384
1 0.2439903846153846 0.6129807692307693 0.03125 0.08173076923076923
