1 0.30528846153846156 0.6538461538461539 0.04447115384615385 0.109375
1 0.4723557692307692 0.6911057692307693 0.057692307692307696 0.109375
1 0.19471153846153846 0.7055288461538461 0.05889423076923077 0.09375
1 0.8365384615384616 0.8317307692307693 0.039663461538461536 0.109375
1 0.9014423076923077 0.8737980769230769 0.040865384615384616 0.10817307692307693
1 0.9146634615384616 0.9591346153846154 0.1658653846153846 0.07692307692307693
1 0.09975961538461539 0.45552884615384615 0.025240384615384616 0.06490384615384616
1 0.171875 0.4891826923076923 0.028846153846153848 0.056490384615384616
1 0.37259615384615385 0.5408653846153846 0.027644230769230768 0.0733173076923077
1 0.9387019230769231 0.59375 0.02403846153846154 0.0733173076923077
