1 0.38100961538461536 0.6262019230769231 0.027644230769230768 0.07091346153846154
1 0.3485576923076923 0.7199519230769231 0.06971153846153846 0.15865384615384615
1 0.5480769230769231 0.7584134615384616 0.03125 0.07211538461538461
1 0.21394230769230768 0.8473557692307693 0.0889423076923077 0.09735576923076923
1 0.1141826923076923 0.49399038461538464 0.03365384615384615 0.054086538461538464
1 0.41466346153846156 0.5324519230769231 0.052884615384615384 0.07211538461538461
1 0.3269230769230769 0.5336538461538461 0.03125 0.06370192307692307
1 0.28725961538461536 0.5348557692307693 0.019230769230769232 0.05048076923076923
1 0.7487980769230769 0.6081730769230769 0.03365384615384615 0.056490384615384616
1 0.23918269230769232 0.6105769230769231 0.027644230769230768 0.07692307692307693
