1 0.28125 0.6658653846153846 0.02283653846153846 0.06129807692307692
1 0.3245192307692308 0.6658653846153846 0.052884615384615384 0.10817307692307693
1 0.18629807692307693 0.6706730769230769 0.040865384615384616 0.15865384615384615
1 0.45552884615384615 0.6826923076923077 0.02403846153846154 0.07211538461538461
1 0.5012019230769231 0.6959134615384616 0.037259615384615384 0.07451923076923077
1 0.6370192307692307 0.734375 0.05889423076923077 0.08653846153846154
1 0.21153846153846154 0.39663461538461536 0.02283653846153846 0.042067307692307696
1 0.12740384615384615 0.4579326923076923 0.02283653846153846 0.04326923076923077
1 0.3798076923076923 0.5324519230769231 0.0625 0.09735576923076923
1 0.8737980769230769 0.5673076923076923 0.046875 0.078125
