1 0.25 0.6502403846153846 0.03485576923076923 0.06610576923076923
1 0.27403846153846156 0.6598557692307693 0.02283653846153846 0.06129807692307692
1 0.21394230769230768 0.6622596153846154 0.02403846153846154 0.06971153846153846
1 0.5060096153846154 0.6814903846153846 0.0733173076923077 0.08653846153846154
1 0.17427884615384615 0.46033653846153844 0.030048076923076924 0.055288461538461536
1 0.22235576923076922 0.4987980769230769 0.040865384615384616 0.07451923076923077
1 0.33774038461538464 0.5396634615384616 0.02403846153846154 0.05048076923076923
1 0.4110576923076923 0.5480769230769231 0.038461538461538464 0.06610576923076923
1 0.8137019230769231 0.5673076923076923 0.054086538461538464 0.0829326923076923
1 0.9230769230769231 0.6057692307692307 0.030048076923076924 0.07211538461538461
