1 0.5576923076923077 0.6418269230769231 0.030048076923076924 0.06490384615384616
1 0.30288461538461536 0.6682692307692307 0.03245192307692308 0.07211538461538461
1 0.38100961538461536 0.6875 0.027644230769230768 0.07211538461538461
1 0.4110576923076923 0.6875 0.038461538461538464 0.08173076923076923
1 0.04326923076923077 0.4807692307692308 0.02403846153846154 0.038461538461538464
1 0.4026442307692308 0.5480769230769231 0.038461538461538464 0.06971153846153846
1 0.2848557692307692 0.5564903846153846 0.054086538461538464 0.0673076923076923
1 0.7548076923076923 0.5564903846153846 0.04807692307692308 0.078125
1 0.5709134615384616 0.5576923076923077 0.04927884615384615 0.08774038461538461
1 0.2127403846153846 0.5853365384615384 0.057692307692307696 0.08052884615384616
