2 0.71 0.4700598796875 0.722 0.5778443109375 0.732 0.6167664671875001 0.736 0.6497005984374999 0.738 0.7245508984375 0.742 0.7395209578124999 0.756 0.7425149703125 0.756 0.7574850296875 0.764 0.7724550890625 0.774 0.769461078125 0.78 0.7544910171875 0.782 0.7155688625 0.786 0.7035928140625 0.788 0.6407185625 0.8 0.628742515625 0.8119999999999999 0.6347305390625 0.8160000000000001 0.6407185625 0.818 0.736526946875 0.8160000000000001 0.7844311375 0.82 0.799401196875 0.836 0.799401196875 0.8380000000000001 0.781437125 0.834 0.7574850296875 0.834 0.730538921875 0.8400000000000001 0.6856287421875 0.8539999999999999 0.6377245515625 0.8539999999999999 0.628742515625 0.8720000000000001 0.5808383234375001 0.8779999999999999 0.553892215625 0.8779999999999999 0.5089820359375 0.8720000000000001 0.482035928125 0.8720000000000001 0.46706586874999995 0.882 0.446107784375 0.882 0.4041916171875 0.874 0.4041916171875 0.8539999999999999 0.4191616765625 0.836 0.38622754531250003 0.826 0.377245509375 0.8099999999999999 0.377245509375 0.796 0.3682634734375 0.768 0.3652694609375 0.74 0.38622754531250003 0.726 0.410179640625 0.716 0.4341317359375 0.71 0.4700598796875
2 0.11699999999999999 0.556886228125 0.127 0.5449101796875 0.135 0.5598802390625 0.141 0.5299401203125 0.162 0.5254491015625 0.156 0.483532934375 0.091 0.4910179640625 0.077 0.5029940125000001 0.064 0.5583832328125 0.064 0.57335329375 0.06999999999999999 0.57335329375 0.08299999999999999 0.5389221562500001 0.093 0.5718562875 0.10500000000000001 0.5299401203125 0.11699999999999999 0.556886228125
2 0.5509999999999999 0.5389221562500001 0.563 0.5119760484375 0.577 0.5419161671875 0.576 0.4715568859375 0.563 0.46107784374999994 0.501 0.46407185625 0.487 0.479041915625 0.48200000000000004 0.5044910171875 0.502 0.5104790421875001 0.49800000000000005 0.5404191609375 0.515 0.5149700593750001 0.526 0.5434131734375 0.53 0.516467065625 0.5389999999999999 0.5089820359375 0.548 0.5104790421875001 0.5509999999999999 0.5389221562500001
2 0.413 0.446107784375 0.40199999999999997 0.46257485000000004 0.4 0.5404191609375 0.42400000000000004 0.5404191609375 0.434 0.5344311375 0.442 0.4955089828125 0.434 0.46257485000000004 0.413 0.446107784375
2 0.209 0.4341317359375 0.174 0.45658682656250005 0.182 0.5344311375 0.188 0.53742515 0.193 0.5029940125000001 0.20800000000000002 0.5254491015625 0.21400000000000002 0.47754491093749996 0.209 0.4341317359375
2 0.44800000000000006 0.48652694687500003 0.466 0.5254491015625 0.48 0.516467065625 0.484 0.47754491093749996 0.46299999999999997 0.4580838328125 0.44800000000000006 0.48652694687500003
2 0.47300000000000003 0.4221556890625 0.45 0.43263473125 0.453 0.4580838328125 0.47800000000000004 0.45958083906249997 0.49800000000000005 0.450598803125 0.493 0.4011976046875 0.477 0.4011976046875 0.47300000000000003 0.4221556890625
2 0.517 0.42514969999999996 0.512 0.45958083906249997 0.524 0.46556886249999996 0.5549999999999999 0.46107784374999994 0.554 0.4356287421875 0.545 0.42514969999999996 0.517 0.42514969999999996
2 0.151 0.46407185625 0.16999999999999998 0.46257485000000004 0.21400000000000002 0.4416167671875 0.189 0.4161676640625 0.15 0.4416167671875 0.151 0.46407185625
2 0.124 0.47754491093749996 0.136 0.480538921875 0.15 0.46856287500000005 0.145 0.43712574843749996 0.124 0.450598803125 0.124 0.47754491093749996
