2 0.1611979171875 0.46666666718750005 0.13359375 0.47407407343749997 0.128125 0.48194444374999995 0.1252604171875 0.49444444374999996 0.1140625 0.50601851875 0.1078125 0.5236111109375 0.1158854171875 0.5370370375 0.1223958328125 0.5384259265625 0.1466145828125 0.5120370375000001 0.1559895828125 0.50648148125 0.16015625 0.4981481484375 0.1716145828125 0.49351851875 0.1744791671875 0.48842592656250006 0.1611979171875 0.46666666718750005
2 0.28359375 0.4796296296875 0.2864583328125 0.4754629625 0.2890625 0.46342592656250003 0.2880208328125 0.45231481406249996 0.29375 0.440277778125 0.2888020828125 0.4240740734375 0.26484375 0.42592592656250006 0.25234375 0.43333333281249997 0.2455729171875 0.4453703703125 0.23854166718749997 0.446759259375 0.2442708328125 0.458796296875 0.2453125 0.48842592656250006 0.2481770828125 0.490740740625 0.2513020828125 0.48518518593750004 0.2557291671875 0.49120370312499995 0.2588541671875 0.4893518515625 0.25625 0.4800925921875 0.2653645828125 0.471296296875 0.27265625 0.471296296875 0.2747395828125 0.4824074078125 0.28359375 0.4796296296875
2 0.3317708328125 0.4893518515625 0.3333333328125 0.47083333281249995 0.3377604171875 0.465740740625 0.34140625 0.46851851875 0.34375 0.4606481484375 0.34140625 0.43240740781250003 0.3278645828125 0.42870370312499995 0.2981770828125 0.42870370312499995 0.2875 0.44768518593750006 0.2864583328125 0.46157407343749995 0.2932291671875 0.48101851875 0.2953125 0.48101851875 0.2953125 0.47453703750000004 0.29765625 0.4703703703125 0.3065104171875 0.46944444374999994 0.309375 0.47453703750000004 0.309375 0.4921296296875 0.3114583328125 0.49490740781250003 0.31484375 0.48518518593750004 0.3190104171875 0.48425925937500003 0.3221354171875 0.48981481406249994 0.3252604171875 0.48148148125 0.3294270828125 0.4916666671875 0.3317708328125 0.4893518515625
2 0.3486979171875 0.42592592656250006 0.3416666671875 0.43194444374999996 0.34427083281250004 0.440277778125 0.3458333328125 0.4625 0.3375 0.47453703750000004 0.34036458281250004 0.4888888890625 0.3427083328125 0.48842592656250006 0.3434895828125 0.475 0.3591145828125 0.475 0.36484375 0.46666666718750005 0.36484375 0.490740740625 0.3671875 0.48842592656250006 0.3708333328125 0.471759259375 0.3763020828125 0.4675925921875 0.38229166718749996 0.48842592656250006 0.3848958328125 0.490277778125 0.384375 0.46805555625000006 0.39791666718749996 0.4643518515625 0.3903645828125 0.43240740781250003 0.3846354171875 0.43333333281249997 0.3763020828125 0.425 0.3486979171875 0.42592592656250006
2 0.45494791718750005 0.465740740625 0.4578125 0.46805555625000006 0.45911458281249995 0.47592592656250005 0.46067708281249997 0.475 0.46302083281249995 0.4550925921875 0.47239583281249997 0.45324074062499997 0.4640625 0.4254629625 0.44244791718750004 0.42222222187499997 0.42942708281249997 0.425 0.42369791718750005 0.43333333281249997 0.4184895828125 0.43148148124999997 0.4244791671875 0.459722221875 0.4234375 0.4763888890625 0.428125 0.4865740734375 0.4291666671875 0.47453703750000004 0.43463541718750004 0.46666666718750005 0.4380208328125 0.4773148140625 0.44348958281249995 0.4824074078125 0.44713541718750005 0.4824074078125 0.45494791718750005 0.465740740625
2 0.58046875 0.48055555625 0.5846354171875 0.475 0.58828125 0.478703703125 0.5966145828125 0.4620370375 0.6096354171875 0.4675925921875 0.6104166671875 0.4606481484375 0.6057291671875 0.4365740734375 0.58984375 0.425 0.5768229171875 0.427777778125 0.5591145828124999 0.42222222187499997 0.5450520828125 0.43055555625 0.53828125 0.44444444375 0.5317708328124999 0.446759259375 0.5372395828125 0.45 0.5432291671875 0.46342592656250003 0.5432291671875 0.4763888890625 0.5453125 0.4828703703125 0.5510416671875 0.4865740734375 0.55625 0.4828703703125 0.5526041671875 0.47453703750000004 0.5575520828125 0.4675925921875 0.56484375 0.4675925921875 0.5721354171875 0.4768518515625 0.58046875 0.48055555625
2 0.64609375 0.4361111109375 0.63984375 0.4361111109375 0.6338541671875 0.44305555625000004 0.6328125 0.45416666718750004 0.63671875 0.48518518593750004 0.63984375 0.48703703750000005 0.64453125 0.478703703125 0.65703125 0.48055555625 0.6630208328125 0.4875 0.66640625 0.4796296296875 0.6705729171875 0.48148148125 0.671875 0.478240740625 0.6729166671875 0.4606481484375 0.67109375 0.45185185156249996 0.64609375 0.4361111109375
2 0.78984375 0.46944444374999994 0.7721354171875 0.4703703703125 0.7638020828125 0.47407407343749997 0.7609375 0.4791666671875 0.7614583328125 0.5125 0.7651041671875001 0.51898148125 0.7684895828125 0.5148148140625 0.77734375 0.515740740625 0.7846354171875001 0.5046296296875 0.7927083328125 0.4995370375 0.7932291671875 0.4791666671875 0.78984375 0.46944444374999994
2 0.84453125 0.44351851875000003 0.82421875 0.44629629687500005 0.8080729171875 0.45555555625000005 0.8005208328125001 0.466203703125 0.80703125 0.49351851875 0.81796875 0.4990740734375 0.8263020828125001 0.4916666671875 0.8315104171875 0.50555555625 0.8416666671874999 0.5050925921875 0.8453125 0.5023148140625 0.8526041671875 0.478240740625 0.8614583328125001 0.4625 0.8606770828125001 0.45555555625000005 0.85234375 0.447222221875 0.84453125 0.44351851875000003
2 0.83125 0.39305555625 0.8328125 0.378240740625 0.8395833328125001 0.36898148124999997 0.8401041671874999 0.3625 0.8317708328125001 0.3523148140625 0.8294270828125001 0.3398148140625 0.8205729171874999 0.34444444375 0.80859375 0.3574074078125 0.8015625 0.3791666671875 0.7885416671875001 0.40138888906250003 0.7890625 0.428240740625 0.7864583328125 0.45046296249999995 0.7848958328125 0.4578703703125 0.778125 0.4671296296875 0.7817708328124999 0.46898148125 0.7846354171875001 0.46388888906250003 0.7919270828125 0.46388888906250003 0.7950520828125 0.4546296296875 0.81171875 0.43240740781250003 0.8239583328125001 0.4106481484375 0.83125 0.39305555625
2 0.9979166671874999 0.3254629625 0.98984375 0.29722222187499997 0.9794270828125 0.296296296875 0.9731770828125 0.2916666671875 0.9552083328125001 0.29398148125 0.9494791671874999 0.3356481484375 0.9565104171875 0.353703703125 0.96328125 0.3509259265625 0.9697916671875 0.353240740625 0.9752604171874999 0.3379629625 0.9794270828125 0.33888888906250003 0.98515625 0.3509259265625 0.9888020828125 0.334259259375 0.9973958328125001 0.33194444375 0.9979166671874999 0.3254629625
2 0.903125 0.07083333281250001 0.9078125 0.057870370312499995 0.9088541671874999 0.042129629687499996 0.90546875 0.039814814062499995 0.8940104171875 0.052777778124999994 0.8861979171875 0.04351851875 0.8752604171874999 0.04351851875 0.86640625 0.05 0.8549479171875 0.0379629625 0.8528645828125001 0.0388888890625 0.8536458328125001 0.05694444375 0.8598958328125 0.07083333281250001 0.8604166671875 0.078240740625 0.8549479171875 0.1 0.8513020828125001 0.0953703703125 0.8484375 0.0986111109375 0.8526041671875 0.13194444375 0.8567708328125001 0.1458333328125 0.8638020828125 0.1574074078125 0.8794270828125 0.172222221875 0.8838541671875 0.17268518593749999 0.9013020828125 0.1546296296875 0.9104166671874999 0.13194444375 0.9130208328125 0.10138888906250001 0.9067708328125 0.09398148125 0.903125 0.078240740625 0.903125 0.07083333281250001
