1 0.3762019230769231 0.6225961538461539 0.02283653846153846 0.06370192307692307
1 0.9086538461538461 0.6442307692307693 0.052884615384615384 0.10817307692307693
1 0.3473557692307692 0.71875 0.0673076923076923 0.15985576923076922
1 0.21153846153846154 0.40865384615384615 0.014423076923076924 0.038461538461538464
1 0.09375 0.4495192307692308 0.019230769230769232 0.04326923076923077
1 0.20072115384615385 0.45913461538461536 0.019230769230769232 0.03485576923076923
1 0.015625 0.4723557692307692 0.028846153846153848 0.051682692307692304
1 0.3317307692307692 0.5024038461538461 0.030048076923076924 0.05889423076923077
1 0.14182692307692307 0.5324519230769231 0.021634615384615384 0.051682692307692304
1 0.6225961538461539 0.5637019230769231 0.06129807692307692 0.08052884615384616
1 0.34134615384615385 0.5721153846153846 0.02403846153846154 0.057692307692307696
1 0.27283653846153844 0.6033653846153846 0.03125 0.07091346153846154
1 0.7584134615384616 0.6045673076923077 0.03365384615384615 0.05889423076923077
