2 0.626 0.5546666671875 0.622 0.584 0.642 0.5866666671874999 0.658 0.5706666671875 0.6719999999999999 0.5626666671875 0.6980000000000001 0.5653333328125 0.702 0.5733333328125 0.704 0.616 0.6980000000000001 0.64 0.6900000000000001 0.6559999999999999 0.692 0.6639999999999999 0.706 0.6559999999999999 0.716 0.6213333328124999 0.722 0.6133333328125 0.726 0.6533333328125 0.732 0.6613333328125 0.736 0.6586666671875 0.738 0.616 0.75 0.5866666671874999 0.764 0.5653333328125 0.768 0.5626666671875 0.796 0.5626666671875 0.798 0.5653333328125 0.8380000000000001 0.5626666671875 0.8460000000000001 0.5813333328125 0.8560000000000001 0.6266666671875 0.844 0.6613333328125 0.834 0.6746666671875 0.834 0.6799999999999999 0.8460000000000001 0.6826666671875 0.852 0.6773333328125 0.882 0.608 0.8960000000000001 0.6266666671875 0.9019999999999999 0.648 0.9019999999999999 0.6826666671875 0.898 0.7013333328125 0.9039999999999999 0.704 0.914 0.696 0.9199999999999999 0.6746666671875 0.916 0.6293333328124999 0.9179999999999999 0.6133333328125 0.906 0.584 0.906 0.568 0.916 0.5386666671875 0.924 0.5413333328125 0.9279999999999999 0.5333333328125 0.93 0.49866666718749997 0.916 0.46399999999999997 0.9 0.44000000000000006 0.89 0.41600000000000004 0.868 0.4026666671875 0.794 0.4026666671875 0.792 0.40533333281250006 0.79 0.4026666671875 0.726 0.4026666671875 0.714 0.40800000000000003 0.696 0.40800000000000003 0.662 0.4266666671875 0.646 0.42933333281249997 0.638 0.4693333328125 0.64 0.4933333328125 0.636 0.5306666671875 0.626 0.5546666671875
2 0.528 0.64 0.546 0.7493333328125 0.544 0.8 0.55 0.8026666671875 0.558 0.7946666671875 0.5660000000000001 0.8 0.568 0.808 0.5660000000000001 0.8453333328125 0.5780000000000001 0.8533333328125 0.584 0.8426666671874999 0.58 0.7786666671875 0.584 0.7653333328125 0.592 0.7546666671875 0.596 0.76 0.6 0.8560000000000001 0.616 0.8640000000000001 0.618 0.8560000000000001 0.612 0.8240000000000001 0.612 0.7626666671875 0.624 0.6746666671875 0.62 0.616 0.616 0.5973333328125 0.602 0.5626666671875 0.588 0.544 0.5740000000000001 0.536 0.564 0.536 0.55 0.544 0.54 0.5573333328125 0.526 0.592 0.528 0.64
2 0.054000000000000006 0.392 0.052000000000000005 0.41333333281250006 0.057999999999999996 0.44266666718750003 0.057999999999999996 0.46666666718750005 0.064 0.48 0.074 0.4773333328125 0.068 0.4533333328125 0.068 0.41333333281250006 0.074 0.384 0.078 0.38133333281250004 0.08199999999999999 0.3866666671875 0.08399999999999999 0.4 0.08 0.42133333281249996 0.092 0.4533333328125 0.1 0.488 0.10800000000000001 0.49066666718749996 0.098 0.42133333281249996 0.10400000000000001 0.392 0.10800000000000001 0.3866666671875 0.11399999999999999 0.3866666671875 0.122 0.3946666671875 0.126 0.40533333281250006 0.126 0.41600000000000004 0.13 0.42400000000000004 0.13 0.4453333328125 0.136 0.46399999999999997 0.136 0.504 0.13799999999999998 0.5093333328125 0.144 0.5093333328125 0.148 0.504 0.15 0.4693333328125 0.148 0.42133333281249996 0.15 0.40800000000000003 0.156 0.3973333328125 0.162 0.3973333328125 0.16799999999999998 0.40800000000000003 0.19 0.4186666671875 0.21400000000000002 0.4373333328125 0.22599999999999998 0.4346666671875 0.22200000000000003 0.4 0.21600000000000003 0.3786666671875 0.21800000000000003 0.31466666718749997 0.21200000000000002 0.304 0.178 0.2773333328125 0.16999999999999998 0.2773333328125 0.134 0.2506666671875 0.096 0.23199999999999998 0.076 0.23199999999999998 0.036 0.27999999999999997 0.032 0.2906666671875 0.036 0.3306666671875 0.054000000000000006 0.392
2 0.288 0.6226666671875 0.288 0.6653333328125 0.29900000000000004 0.6693333328125 0.306 0.6599999999999999 0.306 0.588 0.316 0.5186666671875 0.29500000000000004 0.48266666718750006 0.279 0.472 0.175 0.48 0.154 0.5053333328125 0.126 0.5933333328125 0.151 0.6 0.177 0.5786666671875 0.197 0.5893333328125 0.20800000000000002 0.6306666671875 0.207 0.6773333328125 0.22000000000000003 0.6706666671875 0.221 0.6053333328125 0.22999999999999998 0.6813333328125 0.238 0.6839999999999999 0.24 0.6066666671875 0.251 0.5866666671874999 0.271 0.584 0.288 0.6226666671875
2 0.9199999999999999 0.548 0.931 0.5519999999999999 0.9359999999999999 0.5373333328125 0.9460000000000001 0.42800000000000005 0.944 0.37466666718749997 0.931 0.3493333328125 0.915 0.3466666671875 0.884 0.388 0.881 0.40800000000000003 0.7030000000000001 0.4106666671875 0.65 0.43600000000000005 0.626 0.588 0.643 0.5946666671874999 0.673 0.5706666671875 0.701 0.5706666671875 0.708 0.6226666671875 0.697 0.6693333328125 0.712 0.6599999999999999 0.725 0.6213333328124999 0.73 0.6599999999999999 0.74 0.6679999999999999 0.744 0.6173333328124999 0.767 0.5733333328125 0.843 0.5706666671875 0.86 0.6306666671875 0.8380000000000001 0.6866666671874999 0.859 0.6826666671875 0.891 0.6186666671875 0.906 0.6493333328124999 0.9019999999999999 0.708 0.916 0.708 0.9259999999999999 0.6786666671875 0.924 0.6173333328124999 0.9119999999999999 0.5773333328125 0.9199999999999999 0.548
2 0.721 0.2986666671875 0.712 0.388 0.727 0.36266666718749996 0.731 0.40533333281250006 0.794 0.404 0.8019999999999999 0.36666666718749996 0.79 0.3266666671875 0.739 0.296 0.721 0.2986666671875
2 0.29100000000000004 0.4 0.302 0.3933333328125 0.29 0.3 0.23900000000000002 0.25866666718750003 0.20099999999999998 0.248 0.178 0.2733333328125 0.22400000000000003 0.31066666718749997 0.22000000000000003 0.356 0.238 0.37466666718749997 0.23399999999999999 0.43600000000000005 0.25 0.44400000000000006 0.248 0.3933333328125 0.255 0.37333333281250003 0.273 0.3786666671875 0.29100000000000004 0.4
2 0.178 0.2013333328125 0.174 0.23333333281250002 0.185 0.2613333328125 0.209 0.248 0.266 0.2733333328125 0.275 0.2213333328125 0.213 0.1813333328125 0.193 0.1813333328125 0.178 0.2013333328125
2 0.003 0.1173333328125 0 0.19866666718749998 0.025 0.21600000000000003 0.05 0.2653333328125 0.076 0.2306666671875 0.072 0.172 0.025 0.1226666671875 0.003 0.1173333328125
2 0.629 0.2693333328125 0.561 0.21600000000000003 0.55 0.23866666718750001 0.558 0.3373333328125 0.5519999999999999 0.40933333281250006 0.5599999999999999 0.40933333281250006 0.564 0.372 0.579 0.344 0.588 0.41200000000000003 0.596 0.41200000000000003 0.595 0.376 0.5980000000000001 0.41733333281249996 0.606 0.4226666671875 0.611 0.36 0.62 0.42000000000000004 0.628 0.4226666671875 0.626 0.37466666718749997 0.64 0.3586666671875 0.642 0.292 0.629 0.2693333328125
2 0.944 0.2173333328125 0.95 0.17466666718749999 0.933 0.1546666671875 0.901 0.16 0.892 0.17466666718749999 0.8859999999999999 0.23333333281250002 0.892 0.27599999999999997 0.9019999999999999 0.284 0.9119999999999999 0.21200000000000002 0.9279999999999999 0.2066666671875 0.933 0.24266666718750002 0.944 0.2173333328125
2 0.724 0.172 0.728 0.23866666718750001 0.748 0.24666666718750002 0.754 0.1826666671875 0.75 0.1666666671875 0.737 0.1573333328125 0.724 0.172
2 0.5980000000000001 0.1586666671875 0.592 0.2066666671875 0.5980000000000001 0.24133333281249997 0.616 0.25466666718750003 0.624 0.18 0.62 0.16399999999999998 0.605 0.1546666671875 0.5980000000000001 0.1586666671875
2 0.697 0.14666666718750002 0.667 0.1493333328125 0.658 0.16399999999999998 0.6519999999999999 0.2146666671875 0.671 0.1866666671875 0.674 0.21200000000000002 0.6849999999999999 0.192 0.696 0.2226666671875 0.704 0.19866666718749998 0.716 0.196 0.716 0.1613333328125 0.697 0.14666666718750002
2 0.554 0.1906666671875 0.554 0.2146666671875 0.562 0.22000000000000003 0.571 0.20800000000000002 0.5860000000000001 0.2093333328125 0.5730000000000001 0.16 0.554 0.1906666671875
2 0.729 0.11200000000000002 0.718 0.124 0.708 0.148 0.7190000000000001 0.1706666671875 0.726 0.16933333281250001 0.731 0.16 0.756 0.1586666671875 0.753 0.1146666671875 0.729 0.11200000000000002
2 0.76 0.124 0.751 0.11200000000000002 0.7070000000000001 0.1066666671875 0.6910000000000001 0.0933333328125 0.688 0.1426666671875 0.726 0.1666666671875 0.735 0.1573333328125 0.753 0.1626666671875 0.76 0.1533333328125 0.76 0.124
2 0.9550000000000001 0.14666666718750002 0.933 0.14666666718750002 0.9279999999999999 0.1533333328125 0.95 0.17466666718749999 0.95 0.2253333328125 0.9570000000000001 0.2133333328125 0.966 0.2253333328125 0.966 0.2146666671875 0.976 0.2093333328125 0.978 0.16933333281250001 0.9550000000000001 0.14666666718750002
3 0.86 0.23866666718750001 0.8630000000000001 0.1253333328125 0.8119999999999999 0.132 0.8119999999999999 0.31066666718749997 0.8210000000000001 0.3066666671875 0.826 0.316 0.834 0.308 0.834 0.24933333281249997 0.8550000000000001 0.2506666671875 0.86 0.23866666718750001
