2 0.8125 0.1120370375 0.8125 0.127777778125 0.8145833328125001 0.1324074078125 0.8125 0.140740740625 0.8135416671875 0.1583333328125 0.81875 0.1648148140625 0.821875 0.172222221875 0.8244791671874999 0.172222221875 0.825 0.16851851874999998 0.828125 0.1648148140625 0.8359375 0.16851851874999998 0.8416666671874999 0.1675925921875 0.8463541671874999 0.1851851859375 0.8484375 0.1861111109375 0.8505208328125 0.178703703125 0.8541666671874999 0.175 0.8515625 0.16851851874999998 0.8583333328125 0.1601851859375 0.8609375 0.1425925921875 0.8640625 0.1481481484375 0.8682291671875 0.1490740734375 0.8697916671874999 0.147222221875 0.8671875 0.1453703703125 0.8671875 0.134259259375 0.871875 0.127777778125 0.8734375 0.12222222187500001 0.8734375 0.1129629625 0.871875 0.1101851859375 0.86875 0.1101851859375 0.8671875 0.10648148125000001 0.8682291671875 0.0990740734375 0.865625 0.09351851875 0.865625 0.08425925937499999 0.86875 0.077777778125 0.8697916671874999 0.065740740625 0.8729166671874999 0.058333332812500006 0.871875 0.05648148125 0.8598958328125 0.0574074078125 0.8588541671875 0.059259259375 0.8604166671875 0.0629629625 0.8640625 0.061111110937500004 0.8661458328125 0.0620370375 0.8671875 0.065740740625 0.8598958328125 0.0740740734375 0.8572916671874999 0.0648148140625 0.8526041671875 0.065740740625 0.8510416671875 0.0638888890625 0.8536458328125001 0.059259259375 0.8505208328125 0.05648148125 0.8453125 0.058333332812500006 0.8479166671874999 0.065740740625 0.8442708328125 0.06944444375 0.8427083328125 0.065740740625 0.84375 0.0574074078125 0.8364583328125 0.055555556250000006 0.8302083328125001 0.0574074078125 0.8307291671874999 0.061111110937500004 0.8348958328125 0.0648148140625 0.8286458328125 0.0675925921875 0.8270833328125 0.0648148140625 0.8286458328125 0.059259259375 0.8276041671875 0.0574074078125 0.8135416671875 0.055555556250000006 0.8125 0.0574074078125 0.8130208328125 0.072222221875 0.8161458328125001 0.077777778125 0.8166666671874999 0.0916666671875 0.8125 0.1120370375
2 0.2950520828125 0.4166666671875 0.2598958328125 0.446759259375 0.2598958328125 0.47453703750000004 0.2684895828125 0.48055555625 0.26875 0.4893518515625 0.2708333328125 0.49120370312499995 0.2799479171875 0.47592592656250005 0.30078125 0.4583333328125 0.3075520828125 0.44629629687500005 0.3135416671875 0.44398148125 0.30911458281250004 0.415740740625 0.2950520828125 0.4166666671875
2 0.4458333328125 0.5865740734375 0.440625 0.5763888890625 0.43958333281249995 0.5615740734375 0.42682291718750004 0.5555555562500001 0.3986979171875 0.577777778125 0.3958333328125 0.5939814812499999 0.4015625 0.6152777781250001 0.4046875 0.6180555562500001 0.4153645828125 0.6018518515625 0.42369791718750005 0.5990740734375 0.4252604171875 0.6046296296875 0.42786458281249995 0.60555555625 0.4440104171875 0.5935185187500001 0.4458333328125 0.5865740734375
2 0.41380208281249997 0.4879629625 0.41197916718750005 0.49490740781250003 0.41614583281249995 0.5004629625 0.41822916718750003 0.5171296296875 0.42395833281249995 0.5199074078125 0.44765625 0.5046296296875 0.4596354171875 0.503703703125 0.46197916718750004 0.48194444374999995 0.4565104171875 0.47407407343749997 0.44609375 0.47222222187499996 0.41380208281249997 0.4879629625
2 0.51796875 0.4888888890625 0.5106770828125 0.490740740625 0.49244791718750003 0.502777778125 0.48854166718750003 0.5106481484375001 0.4838541671875 0.5236111109375 0.4838541671875 0.5375 0.48828125 0.54444444375 0.49817708281249995 0.54351851875 0.5026041671875 0.5476851859375 0.5065104171875 0.5398148140625 0.51796875 0.540740740625 0.5291666671875 0.5300925921874999 0.5296875 0.503240740625 0.52265625 0.49259259218749996 0.51796875 0.4888888890625
2 0.61171875 0.47592592656250005 0.60546875 0.475 0.5940104171875 0.48518518593750004 0.58125 0.508796296875 0.5807291671875 0.546759259375 0.5888020828125 0.5490740734374999 0.5927083328125 0.5643518515625 0.59453125 0.55648148125 0.6036458328125 0.546759259375 0.60625 0.5310185187500001 0.61875 0.5097222218749999 0.6177083328124999 0.48842592656250006 0.61171875 0.47592592656250005
2 0.4890625 0.46157407343749995 0.48802083281249997 0.4763888890625 0.49036458281249995 0.48148148125 0.50078125 0.48703703750000005 0.5229166671875001 0.48842592656250006 0.528125 0.4828703703125 0.5317708328124999 0.46805555625000006 0.5317708328124999 0.45601851875 0.5216145828125 0.44166666718750003 0.4966145828125 0.4481481484375 0.4890625 0.46157407343749995
2 0.6088541671875001 0.446759259375 0.6088541671875001 0.4384259265625 0.60703125 0.43240740781250003 0.6005208328125 0.4263888890625 0.59609375 0.40833333281249995 0.58359375 0.4046296296875 0.56171875 0.409259259375 0.5578125 0.415277778125 0.5557291671875 0.4263888890625 0.5458333328125 0.440277778125 0.5453125 0.46805555625000006 0.5494791671875 0.47268518593750003 0.56796875 0.4583333328125 0.5825520828124999 0.4620370375 0.5888020828125 0.45648148125 0.59609375 0.4611111109375 0.60546875 0.4546296296875 0.6088541671875001 0.446759259375
2 0.6848958328125 0.3708333328125 0.67578125 0.3574074078125 0.66328125 0.353703703125 0.64765625 0.365740740625 0.6411458328124999 0.3763888890625 0.6395833328125 0.3856481484375 0.64375 0.391203703125 0.6463541671875 0.403240740625 0.646875 0.4254629625 0.6515625 0.43194444374999996 0.6575520828125 0.427777778125 0.6611979171875 0.4175925921875 0.6747395828125 0.4148148140625 0.6854166671875 0.39027777812500003 0.6864583328125 0.3763888890625 0.6848958328125 0.3708333328125
2 0.5825520828124999 0.35648148125 0.5848958328125 0.3421296296875 0.5768229171875 0.32777777812500003 0.57265625 0.32777777812500003 0.54609375 0.3601851859375 0.5447916671875 0.3708333328125 0.5565104171875 0.38055555625 0.5567708328125 0.391203703125 0.5622395828125 0.40092592656250003 0.56796875 0.40555555625000006 0.5765625 0.4050925921875 0.5815104171875001 0.4018518515625 0.5877604171875 0.39074074062499997 0.6002604171875 0.384259259375 0.6026041671875 0.3773148140625 0.5986979171875 0.3601851859375 0.5825520828124999 0.35648148125
2 0.6705729171875 0.290740740625 0.6625 0.2976851859375 0.6598958328125 0.30601851875 0.6609375 0.3236111109375 0.66328125 0.33055555625 0.6671875 0.33101851875 0.6830729171875001 0.31851851875000003 0.6953125 0.2995370375 0.6947916671875001 0.2856481484375 0.6924479171875 0.28055555625 0.6783854171875 0.27777777812500004 0.6705729171875 0.290740740625
2 0.7315104171875 0.30555555624999997 0.70859375 0.3120370375 0.69375 0.32824074062499997 0.6927083328125 0.3356481484375 0.6963541671875 0.36157407343750003 0.6981770828125 0.3648148140625 0.7052083328125 0.365277778125 0.7143229171875001 0.3518518515625 0.7283854171875 0.3490740734375 0.7307291671875 0.3458333328125 0.7364583328125 0.3300925921875 0.734375 0.3115740734375 0.7315104171875 0.30555555624999997
2 0.6635416671875001 0.2856481484375 0.6580729171875 0.27870370312500004 0.6356770828125 0.28055555625 0.6174479171875 0.2870370375 0.6044270828125 0.3 0.6015625 0.3143518515625 0.603125 0.3226851859375 0.6213541671875 0.3384259265625 0.6361979171875001 0.3351851859375 0.6481770828125 0.32592592656249997 0.6510416671875 0.3143518515625 0.65859375 0.30648148124999997 0.6635416671875001 0.2949074078125 0.6635416671875001 0.2856481484375
2 0.7421875 0.2513888890625 0.7421875 0.2736111109375 0.7541666671875 0.2865740734375 0.7611979171875001 0.2768518515625 0.7770833328125 0.27638888906250003 0.7791666671875 0.26435185156249996 0.7747395828125 0.2370370375 0.76484375 0.23611111093749998 0.7421875 0.2513888890625
2 0.39453125 0.6916666671875 0.3984375 0.690277778125 0.40052083281249995 0.684722221875 0.4 0.6495370375 0.38828125 0.6231481484375 0.3841145828125 0.622222221875 0.3768229171875 0.627777778125 0.3575520828125 0.6537037031249999 0.3458333328125 0.6763888890625 0.34322916718749996 0.6875 0.3447916671875 0.70694444375 0.3427083328125 0.7171296296875 0.3453125 0.7236111109375 0.35703125 0.7111111109375 0.36484375 0.6972222218749999 0.3747395828125 0.6944444437499999 0.3815104171875 0.6851851859375 0.3888020828125 0.684259259375 0.39453125 0.6916666671875
