1 0.1921875 0.5263888890625 0.19453125 0.54305555625 0.1921875 0.5458333328125 0.1703125 0.547222221875 0.1609375 0.5416666671875 0.14453125 0.54305555625 0.15078125 0.547222221875 0.1578125 0.547222221875 0.1640625 0.5513888890625 0.1796875 0.5555555562500001 0.19375 0.5555555562500001 0.203125 0.5583333328125 0.2078125 0.5638888890625 0.20859375 0.5694444437499999 0.21328125 0.5694444437499999 0.21796875 0.5638888890625 0.228125 0.5583333328125 0.22734375 0.5555555562500001 0.2203125 0.5541666671875001 0.2171875 0.5486111109375 0.21875 0.525 0.22578125 0.5069444437499999 0.22421875 0.475 0.21796875 0.47361111093749997 0.2046875 0.4875 0.19609375 0.5 0.19375 0.5069444437499999 0.1921875 0.51805555625 0.1921875 0.5263888890625
1 0.275 0.54305555625 0.27265625 0.547222221875 0.26015625 0.5527777781250001 0.25 0.5611111109375 0.234375 0.565277778125 0.23359375 0.5694444437499999 0.24609375 0.56805555625 0.259375 0.559722221875 0.2625 0.559722221875 0.26953125 0.5555555562500001 0.2796875 0.5541666671875001 0.29140625 0.55 0.29296875 0.5458333328125 0.29453125 0.534722221875 0.29453125 0.515277778125 0.28984375 0.4916666671875 0.2875 0.4875 0.284375 0.4875 0.28046875 0.49444444374999996 0.27890625 0.5083333328124999 0.27421875 0.5263888890625 0.275 0.54305555625
1 0.353125 0.490277778125 0.35390625 0.5083333328124999 0.35625 0.5125 0.3609375 0.5111111109375 0.36328125 0.4888888890625 0.36484375 0.4916666671875 0.36484375 0.5 0.36953125 0.50555555625 0.3734375 0.50555555625 0.38125 0.4986111109375 0.38828125 0.4791666671875 0.39453125 0.46944444374999994 0.3953125 0.46666666718750005 0.39453125 0.45416666718750004 0.390625 0.447222221875 0.384375 0.44305555625000004 0.3609375 0.44305555625000004 0.34453125 0.45416666718750004 0.3453125 0.46666666718750005 0.353125 0.490277778125
1 0.0828125 0.5375 0.07734375 0.5333333328125 0.0671875 0.5138888890625 0.065625 0.502777778125 0.06796875 0.49305555625 0.06484375 0.4861111109375 0.06015625 0.48194444374999995 0.05703125 0.48194444374999995 0.05390625 0.4875 0.05078125 0.4888888890625 0.03984375 0.5166666671875 0.0390625 0.5208333328125 0.03984375 0.5361111109375 0.04609375 0.547222221875 0.08359375 0.5458333328125 0.084375 0.54305555625 0.0828125 0.5375
1 0.23515625 0.5013888890625 0.23984375 0.49444444374999996 0.2390625 0.48055555625 0.23984375 0.4583333328125 0.23828125 0.44166666718750003 0.2359375 0.4361111109375 0.228125 0.4375 0.2234375 0.4583333328125 0.225 0.5041666671875 0.2265625 0.5083333328124999 0.23125 0.502777778125 0.23515625 0.5013888890625
1 0.24296875 0.497222221875 0.2484375 0.497222221875 0.2625 0.4875 0.26328125 0.48055555625 0.25859375 0.47361111093749997 0.25859375 0.44305555625000004 0.253125 0.44305555625000004 0.24765625 0.45555555625000005 0.240625 0.4625 0.23984375 0.48472222187499997 0.240625 0.49305555625 0.24296875 0.497222221875
1 0.4046875 0.4611111109375 0.40390625 0.4375 0.40546875 0.43194444374999996 0.40546875 0.41944444374999995 0.40390625 0.415277778125 0.4 0.4138888890625 0.3890625 0.4236111109375 0.38125 0.440277778125 0.390625 0.447222221875 0.3984375 0.4625 0.40234375 0.46388888906250003 0.4046875 0.4611111109375
1 0.3296875 0.47222222187499996 0.32421875 0.47222222187499996 0.31796875 0.48055555625 0.32265625 0.48194444374999995 0.3265625 0.4791666671875 0.3296875 0.47361111093749997 0.33203125 0.47361111093749997 0.33515625 0.46944444374999994 0.34375 0.46527777812500004 0.34609375 0.46805555625000006 0.353125 0.490277778125 0.35390625 0.5083333328124999 0.35625 0.5125 0.36015625 0.5125 0.3625 0.50555555625 0.36171875 0.49444444374999996 0.36328125 0.490277778125 0.36484375 0.4916666671875 0.36484375 0.5 0.36953125 0.50555555625 0.3734375 0.50555555625 0.38125 0.4986111109375 0.38828125 0.4791666671875 0.39453125 0.46944444374999994 0.39609375 0.4583333328125 0.39296875 0.45 0.38515625 0.44305555625000004 0.3609375 0.44305555625000004 0.3375 0.45694444375 0.33046875 0.46527777812500004 0.3296875 0.47222222187499996
1 0.09921875 0.522222221875 0.09375 0.5208333328125 0.09140625 0.5236111109375 0.0890625 0.5333333328125 0.084375 0.540277778125 0.07734375 0.5333333328125 0.0671875 0.5138888890625 0.065625 0.502777778125 0.06796875 0.49305555625 0.05859375 0.4791666671875 0.04765625 0.49444444374999996 0.0390625 0.5208333328125 0.03984375 0.5361111109375 0.04609375 0.547222221875 0.08203125 0.54444444375 0.096875 0.5458333328125 0.0984375 0.54305555625 0.096875 0.5361111109375 0.1 0.5305555562500001 0.09921875 0.522222221875
1 0.340625 0.45416666718750004 0.33125 0.4625 0.328125 0.47083333281249995 0.32265625 0.47361111093749997 0.31796875 0.4791666671875 0.31796875 0.48194444374999995 0.321875 0.48333333281249996 0.32734375 0.4791666671875 0.33515625 0.46944444374999994 0.33984375 0.46666666718750005 0.34453125 0.46666666718750005 0.34765625 0.47222222187499996 0.353125 0.490277778125 0.353125 0.5041666671875 0.3546875 0.5111111109375 0.36015625 0.5125 0.36171875 0.5097222218749999 0.36328125 0.490277778125 0.36484375 0.49305555625 0.36484375 0.5 0.3671875 0.5041666671875 0.36953125 0.50555555625 0.37578125 0.5041666671875 0.38203125 0.497222221875 0.3875 0.48472222187499997 0.38828125 0.4791666671875 0.39453125 0.46944444374999994 0.39609375 0.46388888906250003 0.403125 0.4611111109375 0.40234375 0.4388888890625 0.40546875 0.4263888890625 0.4046875 0.41944444374999995 0.40234375 0.415277778125 0.39609375 0.4166666671875 0.3890625 0.425 0.3796875 0.44166666718750003 0.36015625 0.44305555625000004 0.340625 0.45416666718750004
