1 0.28125 0.6658653846153846 0.02283653846153846 0.06129807692307692
1 0.1814903846153846 0.6706730769230769 0.04927884615384615 0.15865384615384615
1 0.4098557692307692 0.6742788461538461 0.08774038461538461 0.10817307692307693
1 0.5168269230769231 0.6838942307692307 0.030048076923076924 0.07572115384615384
1 0.4951923076923077 0.6959134615384616 0.025240384615384616 0.07451923076923077
1 0.7415865384615384 0.7415865384615384 0.05889423076923077 0.08653846153846154
1 0.21875 0.40024038461538464 0.02283653846153846 0.042067307692307696
1 0.12740384615384615 0.4579326923076923 0.02283653846153846 0.04326923076923077
1 0.34975961538461536 0.5216346153846154 0.039663461538461536 0.07932692307692307
1 0.8737980769230769 0.5673076923076923 0.046875 0.078125
