2 0.0643229171875 0.47407407343749997 0.054947917187499994 0.4731481484375 0.0184895828125 0.48981481406249994 0.0140625 0.4995370375 0.017708332812499998 0.5291666671875 0.0200520828125 0.5351851859375001 0.025520832812499998 0.534722221875 0.0403645828125 0.5333333328125 0.05546875 0.522222221875 0.0705729171875 0.5231481484375 0.0739583328125 0.5106481484375001 0.0739583328125 0.48101851875 0.0643229171875 0.47407407343749997
2 0 0.6671296296875 0.0044270828125 0.6740740734374999 0.008854167187500001 0.6754629624999999 0.0158854171875 0.66944444375 0.02421875 0.66944444375 0.054427082812500006 0.6574074078125001 0.058854167187499994 0.6495370375 0.058333332812500006 0.6226851859375 0.05546875 0.6175925921875 0.0450520828125 0.6111111109375 0.0315104171875 0.6120370375 0.01484375 0.622222221875 0.0080729171875 0.634259259375 0 0.6421296296875 0 0.6671296296875
2 0.10052083281249999 0.5856481484375 0.1020833328125 0.5986111109375 0.1059895828125 0.603703703125 0.1184895828125 0.60555555625 0.13359375 0.6 0.1390625 0.60601851875 0.1510416671875 0.5995370375 0.1494791671875 0.5745370375000001 0.14401041718750002 0.5666666671875 0.1174479171875 0.5666666671875 0.10703125 0.5731481484375001 0.10052083281249999 0.5856481484375
2 0.24322916718749998 0.5291666671875 0.2403645828125 0.5240740734375 0.22421875 0.51944444375 0.20286458281250003 0.5231481484375 0.1942708328125 0.5310185187500001 0.1916666671875 0.5375 0.19375 0.5578703703125 0.19973958281249998 0.565740740625 0.20963541718749998 0.5648148140625 0.2166666671875 0.5791666671875 0.2208333328125 0.571759259375 0.2205729171875 0.5638888890625 0.246875 0.5578703703125 0.246875 0.5495370375 0.24322916718749998 0.540277778125 0.24322916718749998 0.5291666671875
2 0.2903645828125 0.5370370375 0.28203125 0.5481481484375 0.2705729171875 0.553703703125 0.26328125 0.5527777781250001 0.2588541671875 0.565277778125 0.2598958328125 0.5884259265625 0.26171875 0.5935185187500001 0.2713541671875 0.5958333328125 0.27682291718749996 0.5888888890625 0.3283854171875 0.5861111109375 0.3348958328125 0.5513888890625 0.3268229171875 0.5370370375 0.30546875 0.5314814812499999 0.2903645828125 0.5370370375
2 0.26796875 0.5981481484375 0.25859375 0.5962962968750001 0.24296875 0.6 0.22421875 0.6138888890625 0.21848958281250003 0.6259259265625 0.20807291718749998 0.628703703125 0.2046875 0.6347222218749999 0.20416666718749998 0.6421296296875 0.2065104171875 0.64444444375 0.23671875 0.6546296296875 0.23854166718749997 0.66805555625 0.24375 0.6699074078125 0.24583333281250003 0.6615740734375 0.25442708281250004 0.6490740734375 0.26328125 0.6509259265625 0.2713541671875 0.63101851875 0.27291666718749996 0.6115740734374999 0.26796875 0.5981481484375
2 0.3846354171875 0.7212962968750001 0.3700520828125 0.7129629625 0.3466145828125 0.7148148140624999 0.3408854171875 0.7259259265625 0.33541666718749996 0.7300925921875 0.3328125 0.7476851859375 0.3419270828125 0.7620370375000001 0.3630208328125 0.7754629625 0.3799479171875 0.771296296875 0.39765625 0.7731481484375 0.40833333281249995 0.75601851875 0.409375 0.7402777781250001 0.3934895828125 0.7212962968750001 0.3846354171875 0.7212962968750001
2 0.5098958328125 0.5004629625 0.5098958328125 0.508796296875 0.51796875 0.5268518515625 0.5380208328125 0.5310185187500001 0.5536458328125 0.4986111109375 0.5546875 0.4875 0.5502604171875001 0.477777778125 0.54140625 0.475 0.5221354171875 0.48148148125 0.5098958328125 0.5004629625
2 0.45911458281249995 0.4481481484375 0.44244791718750004 0.4601851859375 0.4390625 0.466203703125 0.4390625 0.47361111093749997 0.44453125 0.478703703125 0.45130208281249995 0.49351851875 0.46171875 0.490740740625 0.4713541671875 0.49398148124999997 0.48046875 0.48703703750000005 0.48645833281249995 0.4671296296875 0.4869791671875 0.45416666718750004 0.48255208281249995 0.44629629687500005 0.47057291718750005 0.44444444375 0.45911458281249995 0.4481481484375
2 0.5265625 0.4393518515625 0.5286458328125 0.4606481484375 0.5309895828125 0.46481481406249997 0.5541666671875001 0.4699074078125 0.5580729171875001 0.4675925921875 0.5604166671875 0.4606481484375 0.5606770828125 0.43981481406249995 0.54609375 0.4268518515625 0.5315104171875 0.43148148124999997 0.5265625 0.4393518515625
2 0.6346354171875 0.3981481484375 0.6283854171875001 0.40648148125 0.6236979171875 0.40648148125 0.6197916671875 0.415277778125 0.621875 0.440277778125 0.6252604171875 0.4453703703125 0.67109375 0.44166666718750003 0.6783854171875 0.4481481484375 0.684375 0.44768518593750006 0.6903645828125 0.4388888890625 0.6981770828125 0.43981481406249995 0.7010416671875 0.43101851875 0.6903645828125 0.4148148140625 0.68359375 0.409259259375 0.6346354171875 0.3981481484375
2 0.6807291671875 0.4050925921875 0.69765625 0.42592592656250006 0.703125 0.42731481406249994 0.7166666671875 0.4078703703125 0.7161458328125 0.38935185156249996 0.70859375 0.38333333281250004 0.6872395828125 0.3851851859375 0.68125 0.396759259375 0.6807291671875 0.4050925921875
2 0.7330729171875 0.40555555625000006 0.7307291671875 0.41157407343749997 0.7317708328125 0.42453703750000005 0.7403645828125 0.4361111109375 0.7458333328125 0.4365740734375 0.7591145828125 0.42870370312499995 0.7651041671875001 0.41157407343749997 0.7640625 0.40601851875 0.75546875 0.4 0.7450520828125 0.4 0.7330729171875 0.40555555625000006
2 0.8080729171875 0.38055555625 0.803125 0.383796296875 0.8010416671874999 0.40601851875 0.8091145828125 0.41851851875 0.8369791671875 0.42268518593750004 0.8390625 0.41898148125 0.840625 0.3976851859375 0.83828125 0.3898148140625 0.83203125 0.384259259375 0.81953125 0.38148148125 0.8080729171875 0.38055555625
2 0.865625 0.083796296875 0.8713541671874999 0.07083333281250001 0.8734375 0.0550925921875 0.8700520828125 0.052777778124999994 0.86640625 0.05648148125 0.8638020828125 0.040740740625 0.8549479171875 0.059259259375 0.8393229171875 0.05648148125 0.83046875 0.0648148140625 0.8190104171874999 0.052777778124999994 0.8151041671874999 0.054166667187499996 0.8177083328125001 0.0736111109375 0.8229166671874999 0.0875 0.8197916671875 0.1004629625 0.8119791671875 0.1115740734375 0.8140625 0.13935185156250002 0.8231770828125 0.1666666671875 0.8442708328125 0.190277778125 0.86875 0.1606481484375 0.875 0.134722221875 0.8755208328125 0.1106481484375 0.8708333328125001 0.1125 0.865625 0.0921296296875 0.865625 0.083796296875
